654 483
652 402
630 446

630 446
655 392
621 446
518 164
467 320
546 416

535 405
515 380
424 276
455 461

512 484
455 461
422 484

515 380
467 320
518 164
264 123
396 349
394 371

383 483
396 349
264 123
109 241
181 272
216 323
301 396
327 459

327 459
383 483
294 483

263 369
216 323
169 349
136 460
188 464

136 460
188 464
98 483

129 223
87 215
109 241

151 225
138 252
181 272

109 241
181 272
216 323
148 359
124 316
94 303

101 308
124 316
141 346
78 359

141 346
106 374
95 357